41 73 8
35 116 170
190 2 72
132 85 15
225 210 65
108 172 200
214 26 208
174 11 20
82 247 163
144 169 145
73 38 232
241 35 179
241 64 80
187 91 47
233 163 96
235 51 144
179 185 43
166 53 133
219 136 227
60 104 183
135 173 227
12 225 29
62 42 32
153 213 47
36 178 45
94 50 98
13 93 40
28 10 211
6 229 80
183 90 16

71 220 23
222 233 93
179 119 231
18 93 232
77 235 247
200 181 196
67 105 226
187 197 168
139 58 225
166 108 200
31 147 207
3 152 58
90 13 101
125 87 202
9 235 88
56 135 44
37 154 45
31 223 226
93 4 12
212 104 96
203 178 220
252 162 44
150 213 98
245 230 5
69 164 60
59 198 98
19 188 250
13 119 197
137 95 153
10 141 176

28 195 39
219 143 64
174 214 104
50 42 195
32 33 171
154 20 186
80 169 45
238 212 36
64 4 193
120 17 16
54 1 155
253 24 196
18 141 97
73 174 241
50 187 252
246 115 216
158 28 191
125 96 74
73 202 211
220 32 230
173 207 21
79 93 2
20 214 192
242 47 32
68 69 162
64 83 232
102 41 165
208 215 242
107 168 242
196 89 234

48 204 7
183 13 215
50 234 97
59 38 135
161 237 183
34 85 112
246 78 219
34 128 135
145 132 177
157 217 215
225 43 229
139 248 233
31 55 68
218 184 49
176 237 225
202 213 29
153 122 115
2 160 130
185 92 141
114 78 115
157 250 156
73 159 198
44 33 206
128 252 212
126 60 87
197 54 61
153 133 172
213 142 176
233 129 161
128 176 6

178 125 157
234 191 55
201 238 58
204 177 239
83 228 6
191 133 204
103 233 75
214 18 140
191 7 255
20 139 182
214 198 76
126 236 134
45 102 87
220 226 25
142 163 37
102 243 54
131 185 215
239 244 37
87 144 147
73 6 114
97 50 203
255 185 142
105 244 206
143 4 167
97 2 191
205 45 60
209 44 105
30 224 40
157 30 135
156 1 67

22 116 121
114 248 198
114 67 130
230 144 21
29 11 249
240 162 161
132 55 31
79 22 247
74 146 109
119 8 62
2 83 159
215 28 177
232 181 198
57 55 217
44 62 29
83 55 138
203 14 134
201 114 252
18 251 204
30 242 115
51 70 36
116 204 80
158 38 129
12 9 131
244 126 178
213 246 180
212 122 113
159 216 163
212 237 189
164 85 140

89 151 59
126 18 139
53 202 117
207 87 91
50 2 41
34 182 237
244 108 13
204 8 149
207 110 178
211 63 239
144 176 101
45 224 174
72 58 68
211 28 223
143 155 231
117 223 119
230 58 65
217 95 34
29 64 175
42 221 170
229 186 72
192 185 110
247 228 238
43 27 195
120 192 181
129 166 58
135 97 144
68 29 18
14 146 107
95 229 114

80 200 28
0 188 15
212 120 209
97 43 110
141 74 220
190 119 237
123 195 26
5 24 37
21 89 63
7 10 114
59 14 202
51 106 158
130 10 123
31 66 5
24 196 117
112 113 168
146 190 118
218 15 9
100 227 202
84 195 203
206 1 231
177 219 105
133 255 209
62 48 126
105 178 184
21 26 116
248 137 113
70 248 154
106 101 176
4 34 236

150 81 53
115 60 15
14 5 78
217 61 89
22 74 80
47 179 214
103 190 248
104 253 163
212 141 222
247 158 39
74 25 85
74 208 224
208 161 108
87 254 235
104 105 247
118 212 107
250 250 187
22 4 116
187 103 61
17 237 54
173 191 193
174 201 108
36 25 119
136 20 97
121 209 241
254 63 11
82 248 76
219 242 11
37 8 188
67 104 141

229 81 89
60 173 104
244 192 88
69 197 228
211 236 27
216 2 19
40 148 192
206 18 170
11 236 15
245 148 166
197 105 252
96 48 89
89 246 23
61 131 137
151 175 162
39 99 190
138 149 32
89 65 7
118 227 157
45 189 171
208 221 2
194 161 167
201 88 45
205 218 237
104 79 167
212 49 185
73 56 47
106 206 125
121 253 112
37 202 47

8 197 159
97 92 251
64 239 212
20 101 174
177 229 91
59 105 87
106 196 75
165 48 229
17 222 41
40 175 210
193 156 106
140 226 30
214 94 252
169 182 37
11 54 79
135 75 18
151 190 115
140 0 255
47 86 63
241 47 2
21 135 163
29 132 181
154 106 142
149 84 3
193 54 22
155 95 53
225 108 191
192 218 154
126 60 19
233 197 61

168 10 237
154 203 136
167 73 32
134 61 202
194 5 106
181 243 231
84 202 198
191 14 210
154 215 165
231 242 118
217 177 148
35 244 53
209 152 81
85 143 50
144 116 103
56 24 242
40 34 195
209 79 38
217 88 232
108 63 150
161 116 156
102 71 131
94 239 85
78 66 251
225 84 169
48 46 243
156 223 133
254 190 46
217 57 7
113 182 43

159 230 38
226 12 177
165 103 139
226 28 191
12 27 74
155 116 227
180 92 96
71 254 59
101 119 34
56 157 188
42 107 242
70 110 111
137 147 8
169 72 189
130 167 11
121 68 10
122 179 195
118 62 39
120 2 60
194 184 107
99 4 7
177 135 108
38 182 127
223 48 179
218 34 60
41 221 227
109 228 26
62 86 31
98 221 128
224 97 191

150 123 199
18 110 149
52 61 239
191 140 66
57 92 17
166 231 124
63 196 34
137 103 46
94 188 1
241 47 209
109 242 245
14 255 125
227 201 250
108 204 119
40 15 142
161 19 81
30 144 226
32 169 207
29 36 155
203 17 46
194 30 130
3 173 137
63 75 218
65 65 103
7 229 48
132 146 186
15 40 223
20 63 214
5 98 171
101 245 46

27 184 18
40 174 208
97 253 70
201 169 255
197 73 247
231 43 88
44 49 73
142 81 102
70 202 178
54 128 147
8 236 148
220 46 210
243 69 202
168 26 125
141 57 133
254 53 55
190 170 45
242 190 217
235 28 28
113 101 169
255 206 116
160 119 110
208 189 93
59 87 41
117 179 105
6 211 112
140 201 246
126 23 191
135 10 198
120 78 61

115 22 34
77 50 201
208 246 64
190 15 74
130 134 205
190 16 146
219 19 196
194 210 92
70 45 249
65 132 38
43 183 1
140 38 251
250 182 96
48 162 101
127 120 38
112 216 35
240 2 91
167 209 87
84 238 237
134 175 62
50 19 2
149 33 191
170 186 216
91 89 79
104 41 149
19 222 243
11 198 186
230 166 112
252 42 27
245 101 234

202 207 122
190 244 126
125 71 72
159 54 151
137 33 20
138 235 19
65 221 164
27 75 117
253 162 224
184 106 180
79 153 234
104 168 100
246 18 23
114 192 76
123 224 174
20 52 179
153 145 147
205 32 217
211 110 67
13 199 126
240 98 214
68 79 102
58 61 220
180 132 58
166 238 78
102 160 57
83 168 241
51 105 142
11 12 216
203 34 77

161 208 229
16 36 100
94 127 130
76 24 3
236 63 229
3 40 65
76 192 149
115 169 20
230 203 19
5 1 209
180 255 211
49 217 202
14 189 228
170 228 199
173 100 253
207 184 112
213 51 198
176 139 228
202 154 152
39 217 7
255 195 7
216 64 84
157 142 241
20 6 58
77 97 242
244 55 65
121 116 95
39 50 148
89 131 59
66 32 163

124 12 200
156 175 241
193 131 157
248 253 85
205 35 102
140 162 50
135 68 193
32 49 110
35 92 203
100 179 53
184 24 98
166 218 206
135 48 35
149 9 5
76 225 175
176 97 247
90 52 186
141 117 77
78 119 240
45 80 31
153 154 190
231 237 19
61 74 109
177 99 131
96 251 69
222 61 162
177 73 139
128 225 253
173 84 145
8 249 200

65 2 57
233 44 217
103 78 147
65 182 66
165 10 138
213 151 229
159 194 175
228 121 117
24 159 163
159 121 199
21 124 191
66 112 95
0 140 216
38 128 147
254 63 90
76 224 204
209 77 18
33 71 157
4 10 86
147 95 205
47 116 116
179 42 140
143 154 139
115 67 102
83 75 62
64 89 176
67 48 218
138 90 135
175 187 241
126 43 150

202 148 111
111 220 61
213 108 180
207 181 217
211 90 66
161 157 42
149 46 246
206 156 58
90 100 228
190 135 51
101 152 85
39 39 243
42 168 120
246 72 120
7 238 190
173 152 73
161 51 255
190 72 137
101 72 214
166 189 97
180 110 218
201 222 215
192 241 153
105 194 84
50 161 137
52 195 104
9 14 65
44 73 133
77 181 185
1 199 207

143 128 106
23 188 51
86 62 126
198 194 92
219 11 115
157 226 74
200 185 221
166 206 144
216 183 39
11 177 127
136 17 141
129 179 211
56 118 157
97 100 155
107 105 254
104 163 105
18 8 92
98 205 23
249 21 155
84 40 163
208 28 195
231 235 234
113 233 77
23 90 82
72 184 169
120 191 159
13 183 64
146 85 129
41 218 64
29 92 170

134 19 233
41 234 100
153 96 63
114 62 252
219 89 72
116 149 139
28 37 64
250 220 213
79 242 106
55 175 91
184 109 102
181 128 218
176 210 51
149 229 191
87 131 68
245 87 103
223 69 90
128 233 27
108 160 250
109 196 38
141 236 181
116 103 130
217 15 161
139 250 225
67 2 183
101 59 40
17 143 234
8 202 148
165 228 55
246 225 26

121 249 1
189 185 199
247 209 114
235 45 44
21 34 184
184 86 26
224 238 84
225 60 51
96 3 225
143 203 34
110 141 243
60 170 117
123 23 251
244 177 115
91 174 93
98 5 94
138 5 18
138 41 254
143 198 147
39 130 117
92 127 224
247 40 158
229 192 213
135 239 142
74 106 56
59 18 237
50 66 32
155 233 64
97 63 165
64 139 92

132 49 246
198 79 153
195 177 78
177 138 131
167 119 93
48 247 17
74 144 28
16 174 181
238 4 42
117 159 189
111 237 31
3 214 216
47 18 127
158 38 197
106 127 46
239 236 115
16 174 147
80 252 24
155 69 206
200 1 9
129 116 177
67 215 94
41 109 86
40 159 166
138 154 132
246 167 47
233 117 80
158 90 183
71 48 145
161 205 130

129 144 33
72 169 30
49 165 5
108 135 104
205 75 237
164 244 134
158 142 177
222 175 250
129 112 181
163 238 244
140 163 83
152 166 143
16 42 194
255 37 159
154 10 23
67 139 51
205 107 71
207 216 2
87 217 93
199 176 85
80 139 66
89 8 47
191 214 189
189 78 192
28 50 163
39 209 102
3 129 72
40 119 205
127 119 176
93 251 230

137 84 17
95 77 214
185 73 168
73 205 3
52 73 237
78 114 237
96 14 166
60 33 121
229 157 118
222 191 206
2 139 201
152 190 0
66 211 86
178 57 19
13 4 146
43 225 33
182 253 194
20 64 167
236 164 141
187 29 71
184 55 68
47 10 125
115 31 52
226 101 25
81 116 190
126 80 130
125 149 16
29 104 7
216 125 172
132 71 208

211 186 33
31 29 35
1 54 169
190 210 36
80 52 128
107 158 51
22 35 53
214 246 146
67 68 67
33 57 4
131 44 181
25 142 119
21 169 161
24 196 1
152 157 187
43 64 176
44 193 87
46 50 3
139 113 136
249 175 9
14 242 73
220 100 107
188 208 207
240 242 248
202 72 109
14 65 111
61 214 188
109 70 140
148 95 229
49 9 177

146 150 53
116 255 160
175 132 107
141 230 22
181 95 96
164 197 84
144 23 242
213 197 213
94 62 101
106 252 190
64 51 138
252 99 206
128 195 117
118 132 220
2 146 133
75 171 30
23 8 11
107 163 205
54 170 216
177 63 240
33 240 113
219 63 65
125 28 196
90 85 149
234 173 135
114 81 47
30 79 181
130 196 216
141 133 192
113 150 198

168 88 106
140 94 139
184 213 109
94 136 165
217 30 86
78 129 102
175 86 62
250 140 78
191 187 70
176 233 18
148 159 5
116 109 216
29 37 69
117 200 128
229 235 190
220 9 229
16 13 188
88 25 127
70 29 205
218 74 212
242 7 222
91 49 142
129 1 134
160 88 56
127 236 67
92 151 238
203 213 242
29 13 136
54 124 211
233 21 252

